0.043396 -0.0825559 0.00223997
0.0828802 -0.126372 0.00102532
0.158997 0.0482179 0.000900439
0.0964667 -0.227978 0.000765701
0.0699189 -0.206895 0.000703786
0.0683161 0.137816 0.000694254
0.609406 -0.0430904 0.000670126
0.278708 0.0946654 0.000672254
0.0476863 -0.233762 0.000702033
0.139522 0.0272319 0.000681664
0.191977 -0.0890279 0.000731409
0.295181 -0.0859806 0.000677811
0.986519 -0.0329008 0.000792053
0.986967 0.000823791 0.000691633
0.933479 -0.184282 0.00075909
1.20937 -0.107368 0.000719439
1.1432 -0.233805 0.000705036
1.12914 -0.18323 0.000679234
0.709319 0.156435 0.00077366
1.15487 0.0191908 0.000712962
1.06406 -0.0367342 0.000662929
1.12625 0.0637447 0.000736627
1.34646 -0.132251 0.000661893
1.34584 -0.187462 0.000666247
1.38653 0.116139 0.00066626
1.47734 0.114851 0.000661813
1.35157 0.0922547 0.000660946
1.54747 0.0661496 0.000746789
1.20108 0.223376 0.000668854
1.8093 -0.0451605 0.000687796
1.67778 0.592314 0.000774087
1.69999 0.436742 0.000989043
1.59327 0.0507279 0.00094276
1.56626 0.230402 0.00078711
1.43073 0.373769 0.000664082
1.78993 0.326456 0.000665753
1.80357 0.634839 0.000663355
1.79427 0.653569 0.000707489
2.20621 0.611963 0.000664506
1.87373 0.831779 0.000660116
1.77072 0.801523 0.000657561
1.48427 0.600805 0.000660097
1.53375 0.540866 0.000661048
1.83885 0.811794 0.000704662
2.1785 0.852465 0.00178028
2.26336 0.628105 0.000926738
2.00737 0.648959 0.000811
2.26896 0.637193 0.000772033
1.71749 0.783086 0.000728478
2.46665 0.906904 0.000659008
1.94683 0.674516 0.000666351
2.37851 1.00913 0.000662196
2.44508 0.959757 0.00072252
2.52011 0.876406 0.000659855
2.73583 0.627232 0.000711981
2.5495 0.792081 0.000661425
2.705 0.73609 0.00066507
2.73705 0.881958 0.000688703
2.87233 0.44477 0.000810857
2.71305 0.859037 0.000812481
3.05003 0.467954 0.000694402
3.08762 0.611258 0.000663731
3.35408 0.882383 0.000668655
3.02996 0.690367 0.000662432
3.25644 0.904552 0.000753406
3.13524 1.07585 0.000862844
3.50854 0.395933 0.000734626
3.36304 1.21087 0.000752176
3.32353 0.791699 0.000663343
3.44796 1.16813 0.000712093
3.58321 0.97683 0.000667547
3.46901 1.00898 0.000667784
3.53815 1.24746 0.000712875
3.31406 1.0792 0.000664735
3.48466 0.985525 0.000665589
3.66743 1.18626 0.000764529
3.76361 1.34662 0.00066483
3.65732 1.41054 0.000670279
3.71192 1.18227 0.000668631
4.14892 1.1215 0.000665507
4.15978 0.938774 0.000751672
4.32684 1.02163 0.000687433
4.30516 0.926113 0.000664465
4.34539 1.09672 0.000839803
4.36148 1.08617 0.000694159
4.09968 0.70356 0.000714038
4.46557 0.986959 0.000743754
4.1926 1.01656 0.000688506
3.91366 1.17319 0.0170499
4.32499 1.11987 0.00117722
4.49086 0.940984 0.000851944
4.2177 1.18015 0.000700588
4.52664 0.94263 0.00067682
4.4407 1.02216 0.000669475
4.80904 0.988118 0.000924438
4.44469 1.20898 0.000839045
4.80614 1.3082 0.000669297
4.5948 1.37973 0.000753236
4.99171 1.46798 0.00097473
4.95981 1.40732 0.000973689
4.98621 1.36532 0.000938157
4.63188 1.37567 0.000889439
4.75334 1.61038 0.000924713
4.93467 1.52831 0.000803393
4.9111 1.41083 0.000806696
4.996 1.46434 0.000771072
4.81641 1.89935 0.000980562
4.88368 1.77028 0.000908876
5.02809 1.74321 0.00309753
5.13986 1.69821 0.00108897
5.2741 1.84173 0.00102329
5.2052 1.75098 0.000893682
4.9956 1.25315 0.000954954
5.16203 1.4736 0.00103822
4.95907 1.79034 0.000995134
5.21102 1.6228 0.000983584
5.39136 1.74869 0.000848225
5.278 1.69794 0.000782567
5.47323 1.84269 0.000767439
5.19424 2.01735 0.000914779
5.74189 1.97829 0.000779295
5.42465 2.22503 0.000764598
5.45245 1.89857 0.000800066
5.28273 1.72797 0.000884667
5.47039 1.93263 0.000892896
5.53377 2.15572 0.000845486
5.6524 1.86138 0.000880553
5.70617 1.85052 0.000856178
5.69009 1.98821 0.000890323
5.79994 1.89379 0.00101685
5.73899 2.0511 0.00103519
5.76969 2.11326 0.000974989
5.71953 1.90807 0.000972977
5.98865 1.97534 0.000845574
5.69949 2.20489 0.00086475
5.56951 2.4484 0.000874379
5.87196 2.47294 0.000900563
5.71099 2.27986 0.000870037
5.79837 2.53883 0.000974055
5.86767 2.47742 0.000941182
6.15923 2.6289 0.000842398
6.08549 2.84707 0.000931989
6.31262 2.65608 0.00312537
6.33096 2.78898 0.00125362
6.05575 2.73435 0.0012344
6.23844 2.92376 0.00108748
6.37238 2.92737 0.000946543
6.22905 3.01984 0.000760542
6.19807 3.20686 0.00090626
6.57877 2.9733 0.000754871
6.34696 3.03461 0.00072991
6.47993 2.91642 0.000802609
6.52689 2.83075 0.000817474
6.74597 2.85667 0.000877855
6.76417 2.70771 0.000847686
6.43101 2.95839 0.00131789
6.66128 3.05351 0.000949582
7.02886 2.78728 0.000820871
6.95364 3.11217 0.00103272
6.93849 2.90075 0.000987149
6.95692 3.03863 0.000790517
6.79827 2.96203 0.000842497
7.13457 3.05735 0.00109965
7.05004 3.31689 0.00079524
7.28694 3.42661 0.000908723
7.07394 3.21921 0.00070763
7.11714 3.35882 0.000788462
6.95619 3.34782 0.000708006
7.22072 3.5162 0.000708205
7.3791 3.02142 0.000755038
7.379 3.25156 0.00112877
7.37249 3.28116 0.00100649
7.74904 3.14893 0.000780811
7.49481 3.11981 0.000836175
7.8311 3.23465 0.00071676
7.81363 3.28928 0.000709987
7.85242 3.19073 0.000725736
7.85757 3.12213 0.00283473
7.63131 2.86749 0.000921718
7.61685 3.40618 0.00073322
7.72626 3.17982 0.000753958
7.495 3.2928 0.00145981
7.73852 3.56629 0.00131844
8.01421 3.33535 0.00108709
7.69429 3.37103 0.000840532
8.08106 3.2718 0.000798516
8.10463 2.91141 0.000759698
8.00864 3.40322 0.000806387
8.07627 3.45944 0.000835869
8.01262 3.75002 0.00085747
8.27115 3.39893 0.000743773
8.03966 3.46665 0.000753518
8.35291 3.7158 0.000755039
8.17764 3.63789 0.000916647
8.19703 3.8931 0.000791776
8.5789 3.75563 0.000830072
8.42794 3.81778 0.000731449
8.37957 4.05845 0.000836664
8.60134 3.6129 0.00131375
8.61719 3.85782 0.00104068
8.44206 3.84565 0.000960238
8.53611 3.90233 0.000760362
8.6112 3.854 0.000871798
8.53109 4.08426 0.00077986
8.74137 4.32838 0.00101463
8.61052 4.07107 0.000897452
8.43432 4.28742 0.000842456
8.52748 4.26989 0.000768537
8.63122 4.18162 0.000799592
8.48557 4.26228 0.000754709
8.8052 4.38686 0.000807098
8.61471 4.48076 0.00081955
9.0191 4.52175 0.00317693
9.09918 4.34455 0.00094996
8.91741 4.28989 0.00089672
9.234 4.53373 0.000751529
9.19179 4.34009 0.000891433
9.62618 4.44275 0.000782279
9.40235 4.70626 0.000818016
9.10129 4.77511 0.000787725
9.1419 4.79218 0.00070658
9.18391 4.88102 0.000733762
9.9529 4.09159 0.000755382
9.65127 4.49811 0.000895118
9.90098 4.17856 0.000848801
10.0096 4.03131 0.000872389
9.92273 3.94891 0.001223
9.91306 4.03673 0.00102293
10.1304 3.75617 0.000759664
10.1349 4.06441 0.000737475
10.2568 3.9939 0.000717766
10.3413 3.66977 0.000706703
10.4338 4.04763 0.000834946
10.3895 4.1441 0.000724953
10.5254 3.95978 0.000981012
10.4905 4.18414 0.000751872
10.6231 4.09817 0.00100808
10.662 3.97882 0.00077876
10.7219 4.21697 0.000722221
10.6726 3.97677 0.000731608
10.7197 3.76166 0.000706881
10.7546 3.8424 0.000662349
11.0046 3.96314 0.0010631
11.0239 3.87639 0.0008718
10.8368 3.89103 0.000678023
10.8748 4.13439 0.000756358
11.0214 3.94819 0.000667968
10.8102 3.98033 0.000730972
11.0173 3.84846 0.000718495
11.1424 3.97746 0.000713893
11.0645 3.99988 0.00294514
11.1849 4.18795 0.000926797
11.3986 3.99142 0.000872478
11.3785 3.87017 0.00079455
11.3011 4.09537 0.000949211
11.2537 4.29515 0.00081644
11.4928 4.13344 0.000771147
11.4569 3.75417 0.000783429
11.3739 4.24074 0.000671827
11.6369 4.09828 0.000724373
11.4346 4.35518 0.000671886
11.8204 4.47028 0.000767567
11.999 4.50155 0.000671864
11.8395 4.42921 0.000672373
11.93 4.71202 0.000736354
12.1919 4.39292 0.000792169
12.0213 4.49039 0.000674936
11.9863 4.46869 0.000743465
12.0712 4.3282 0.000830069
12.0507 4.51378 0.000897946
12.2331 4.35198 0.000741647
12.2716 4.68098 0.000670704
12.3372 4.368 0.000861637
11.9763 4.59848 0.000878717
12.3623 4.76554 0.00067876
12.5154 4.58714 0.000744687
12.3889 4.67519 0.000750838
12.4983 4.74129 0.000938155
12.4752 4.22236 0.000766565
12.5949 4.85266 0.000707194
12.6132 4.77354 0.000739221
12.5329 4.6646 0.000668857
12.8766 4.5364 0.000668968
12.967 4.67221 0.000664021
13.0842 4.75595 0.000667254
12.5245 4.62339 0.000667427
13.164 4.65303 0.000711225
12.9476 4.42052 0.000669732
12.998 4.66229 0.000668758
13.213 4.81926 0.000667759
13.2706 4.87806 0.000670895
13.3675 4.46606 0.00299746
13.1496 4.92328 0.000924849
13.6855 4.66474 0.000821652
13.45 4.56386 0.000677904
13.286 4.46802 0.000740057
13.5786 4.79499 0.000673712
13.6277 4.94671 0.000672254
13.5525 4.8596 0.000703965
13.3781 4.91332 0.000754862
13.661 4.95419 0.000686392
13.9462 5.12225 0.000680134
13.9642 5.1065 0.000682686
13.7095 5.0856 0.000955692
13.8382 5.20493 0.000836311
13.815 5.13795 0.000693431
14.0585 5.33783 0.000682286
14.2263 5.40911 0.000680624
13.937 5.06476 0.000715017
14.3319 5.38885 0.00068227
14.1579 4.99484 0.000699425
14.353 5.24745 0.000681986
14.1036 4.73581 0.000683372
14.3032 5.04171 0.000669291
14.3659 5.21943 0.000671715
14.5263 5.18069 0.000710288
14.4267 5.08687 0.000668631
14.472 5.4879 0.00067283
14.4752 5.29736 0.000668114
14.709 5.40119 0.000670167
14.7705 5.56805 0.000670746
14.5688 5.51028 0.000703701
14.8511 5.35565 0.00066821
14.5955 5.71544 0.000673887
14.7363 5.58918 0.000669362
14.6764 5.69545 0.000668473
15.0607 5.6853 0.000674337
14.8957 5.63583 0.000717866
14.9974 5.71374 0.00068566
14.8831 5.80449 0.000682832
14.7045 5.87537 0.00067997
14.691 5.92088 0.000681269
15.197 6.06104 0.000686284
14.9893 6.12871 0.000994826
14.74 6.01831 0.00301596
15.2873 6.10251 0.000932033
15.0962 6.17685 0.000758963
15.2413 6.24905 0.000673013
15.3668 6.07914 0.000673448
15.2892 6.37025 0.000674869
15.4857 6.59797 0.000780122
15.2719 6.54222 0.000671035
15.236 6.49138 0.000676418
15.1103 6.28469 0.000674709
15.3934 6.43909 0.000672936
15.3776 6.56898 0.000668749
15.5134 6.29656 0.000704694
15.4996 6.54647 0.000676602
15.2266 6.39734 0.000672476
15.6621 6.46089 0.000674932
15.4099 6.44746 0.000671777
15.6276 6.54555 0.000706692
15.6716 6.51856 0.000672773
15.6574 6.69022 0.000670161
15.6333 6.69682 0.000669849
15.7219 6.56281 0.000670229
15.6791 6.72099 0.000667331
15.9892 6.68676 0.000703544
15.6403 7.05366 0.000669853
15.786 6.9526 0.000672931
16.045 6.86288 0.000930669
16.2954 6.79221 0.000754279
16.052 6.75082 0.000686189
16.2141 7.09587 0.000699469
15.9958 6.89793 0.000669965
16.0576 6.93468 0.000664395
16.1825 6.83349 0.000671987
16.3005 7.53542 0.000669411
16.3871 6.80985 0.00070987
16.31 7.1961 0.000668955
16.4714 7.06159 0.000671105
16.3394 7.31207 0.000669255
16.411 7.33271 0.000671774
16.2288 7.3172 0.000669964
16.7595 7.17701 0.000706076
16.9053 7.42022 0.000670734
16.8675 7.36824 0.00066785
16.5257 7.20397 0.000671222
16.3899 7.49096 0.000673883
16.8819 7.61719 0.00287097
16.4657 7.72274 0.000934822
16.8403 7.59769 0.000869188
16.8542 7.61285 0.000728781
17.0608 7.71377 0.000684388
16.9751 7.59183 0.000687271
17.0686 7.65767 0.00068578
17.1984 7.72927 0.000931049
17.0392 7.46372 0.000828834
16.9301 7.48455 0.000710521
16.9299 7.43841 0.00068161
16.957 7.54178 0.000684181
17.3955 7.82523 0.000680932
17.2092 7.75473 0.000680014
17.0189 8.10507 0.00069733
17.4454 7.89384 0.000683347
17.4162 8.18745 0.000696686
17.3743 8.04974 0.00069942
17.481 7.90195 0.000683727
17.3586 8.21642 0.000724243
17.3228 8.30362 0.000686707
17.5776 8.25581 0.000684226
17.4182 8.31376 0.000682656
17.3743 8.5088 0.000684735
17.467 8.27442 0.000680898
17.7443 8.37365 0.000717737
17.8223 8.43668 0.000688279
17.7525 8.42876 0.000695509
17.682 8.73201 0.000786636
17.898 8.63907 0.000680712
17.9434 8.70217 0.000684866
17.6769 8.5249 0.000723771
18.0636 8.73342 0.00068195
18.086 8.66282 0.000680788
17.9459 8.81637 0.000683756
17.9204 8.80816 0.000683384
18.2017 8.88869 0.000760439
18.3904 8.92553 0.000911899
18.3476 8.97915 0.000748138
17.9979 9.03665 0.000700671
18.4465 9.20092 0.000669559
18.2269 8.85138 0.000671142
18.6532 9.18894 0.000762147
18.5453 8.9814 0.00285805
18.4969 9.27867 0.000939864
18.7596 9.17249 0.000860029
18.5352 9.05632 0.000673484
18.6353 9.31245 0.000668456
18.722 9.27417 0.00067122
18.6853 9.15027 0.00070637
18.9856 9.28835 0.000682829
18.8904 9.23966 0.000685454
19.2383 9.39865 0.000683524
18.7659 9.42787 0.000680515
18.9023 9.16879 0.000682943
18.6611 9.29151 0.000753912
18.8471 9.42401 0.000683046
18.9778 9.73776 0.000684668
18.7225 9.44231 0.000685086
18.9382 9.52624 0.00068347
18.8992 9.56239 0.000687793
18.7178 9.59894 0.000715805
18.8556 9.68601 0.000686917
18.8184 9.54296 0.000983125
18.8354 9.63366 0.000836875
18.7616 10.0752 0.000692757
18.6148 9.87425 0.0007396
18.8912 10.0195 0.000683597
18.8316 9.99518 0.000683731
18.8854 10.0395 0.000666104
18.8197 10.5528 0.000662376
18.9929 10.3614 0.000728969
19.083 10.3892 0.000665905
18.7026 10.6308 0.00066262
18.7887 10.6706 0.000662837
18.9851 10.539 0.000661802
18.7244 10.4478 0.000662308
19.0874 10.7482 0.000724625
19.3057 10.6512 0.000660502
19.0289 10.5402 0.000662793
19.1708 10.955 0.000662287
19.0536 10.6584 0.000665338
19.1013 10.9181 0.000660699
19.0208 10.8622 0.000695341
18.7921 10.9553 0.000664113
18.5879 10.6996 0.000665294
18.6411 10.6747 0.000662687
18.9259 10.7823 0.0028801
19.0251 10.9106 0.00106748
19.0207 10.7124 0.00098235
18.9303 11.0006 0.000822943
18.8871 11.0647 0.000695428
18.9616 10.7817 0.000666501
19.2925 10.9199 0.000668398
19.0283 11.2546 0.000665779
19.3334 11.3401 0.000665416
19.1983 10.8703 0.000711241
19.3343 11.2393 0.000667837
19.3133 11.3473 0.000661231
19.2885 10.9104 0.000688591
19.2092 11.2691 0.000665902
19.101 11.2453 0.000676518
19.0449 11.3124 0.000689405
19.4663 11.3368 0.000663063
19.3547 11.529 0.000659046
19.3275 11.3416 0.000661396
19.261 11.4796 0.000665232
19.4211 11.6771 0.000660745
19.6733 11.4561 0.000692126
19.4784 11.3432 0.000663357
19.7301 11.6215 0.000664492
19.6837 11.4329 0.000657085
19.6399 11.6111 0.00065988
19.7622 11.7313 0.000659796
19.7277 11.5452 0.000683742
19.8911 11.9472 0.000657094
19.918 11.9308 0.000667806
20.0616 11.7197 0.000658376
19.7446 11.9001 0.000661774
19.6043 11.9808 0.000717839
19.7535 12.1161 0.000882053
19.9876 11.768 0.000731995
19.9194 12.1169 0.000662209
19.7816 12.011 0.000662656
19.8647 11.9997 0.000659337
19.9325 11.8625 0.000715993
20.061 12.1452 0.000663891
20.1052 12.4042 0.000661076
19.9745 12.0062 0.000660549
20.1232 12.1212 0.000659647
20.0802 12.2518 0.000661124
19.8925 12.3867 0.00290608
19.9614 12.5276 0.000921132
20.4537 12.1363 0.000882782
20.2555 12.3087 0.000664557
20.2954 12.5376 0.000665805
20.3374 12.3733 0.000663758
20.6136 12.2147 0.000664525
20.4005 12.6456 0.000707499
20.2206 12.5868 0.000662124
20.587 12.504 0.000666308
20.5067 12.331 0.000658362
20.3953 12.384 0.000666632
20.4303 12.6447 0.000663131
20.5456 12.6169 0.000706437
20.8175 12.8802 0.000670117
21.0893 12.591 0.000664561
20.5467 12.861 0.00088672
20.9724 12.4646 0.000734751
21.0122 12.6867 0.000684517
21.1381 12.8582 0.00070214
21.0349 13.0115 0.000663253
21.1697 13.1266 0.000661361
21.1467 12.9568 0.000661531
21.0748 12.8692 0.000664252
21.2246 13.3028 0.000698798
21.1068 12.9928 0.000669521
21.3153 13.1492 0.00065947
20.9438 13.3323 0.000663445
20.9851 13.2393 0.000659634
21.1084 13.3717 0.000661112
21.1679 13.4603 0.000692833
21.1706 13.6058 0.000663038
21.4513 13.3935 0.000662967
21.5357 13.5133 0.000662083
21.4661 13.5698 0.000660483
21.4467 13.499 0.000658656
21.1703 13.8645 0.000713335
21.587 13.7512 0.000661836
21.2867 13.7119 0.000657982
21.6616 13.9451 0.000658179
21.5267 13.9484 0.000660537
21.8905 13.7822 0.000661172
21.8528 13.6902 0.000702114
21.6288 13.9387 0.000664521
21.7463 14.0831 0.000662767
21.6769 13.9552 0.00284928
21.8168 13.8018 0.00107472
21.9047 13.7385 0.000792607
21.5642 14.1711 0.000665644
21.7076 14.4606 0.000664672
21.7052 14.0676 0.000701585
21.9166 14.236 0.000662019
21.5912 14.1554 0.000661957
21.8812 14.2746 0.0006636
21.9386 14.2563 0.00065854
21.5291 14.3712 0.00067207
21.9022 14.4964 0.000720861
22.1288 14.6184 0.000664096
21.867 14.3894 0.000662041
21.5696 14.541 0.000662338
21.6983 14.3072 0.000697817
21.7369 14.5213 0.000717277
21.6274 14.6006 0.000661358
21.5875 14.3961 0.000658909
21.477 14.5274 0.000662445
21.507 14.5045 0.000657881
21.7664 14.7774 0.000657065
21.6851 15.1544 0.000667805
21.5936 14.902 0.00066011
21.553 15.0255 0.000658489
21.501 15.1286 0.000662179
21.6031 15.0324 0.000659799
21.5026 15.056 0.000656853
21.392 15.0407 0.000702559
21.2752 15.4051 0.000901464
21.4924 15.2869 0.000730548
21.6152 15.3468 0.000664446
21.4145 15.2342 0.000660162
21.6196 15.3186 0.000657624
21.486 15.278 0.000693215
21.4746 15.6654 0.000662623
21.4429 15.6003 0.000663498
21.5859 15.4913 0.000662335
21.6494 15.423 0.00076776
21.2526 15.8921 0.00070415
21.4935 15.7169 0.000658301
21.5213 15.703 0.000660477
21.4612 15.9464 0.00066418
21.6318 16.2901 0.000657414
21.5241 16.077 0.000660635
21.3106 15.9691 0.00297301
21.6191 16.1372 0.0010671
21.6693 16.3008 0.00080071
21.6382 15.9449 0.000695774
21.7527 16.3419 0.000669358
21.7646 16.3402 0.000661208
21.7595 16.3206 0.000665455
21.9866 16.9339 0.000662116
21.8985 16.7408 0.000671511
21.8536 16.4826 0.000661449
21.8382 16.5922 0.000838302
22.1575 16.5207 0.000758649
21.9475 16.5288 0.00067423
22.2039 16.7558 0.00069368
22.3405 16.7523 0.000658846
22.3377 16.7967 0.000659088
22.0428 16.9273 0.000664641
22.1614 16.8038 0.000664448
22.1928 16.9121 0.000659483
22.1364 16.8808 0.000665902
22.3123 16.9143 0.000662131
22.0128 17.2984 0.000662038
22.2359 17.0044 0.000676284
22.5028 17.2572 0.000658019
22.2346 17.1162 0.000659276
22.2567 17.2381 0.000686174
22.5269 17.3324 0.000661217
22.6542 17.2312 0.000663468
22.6257 17.3666 0.000656608
22.6306 17.3705 0.000664094
22.7848 17.692 0.000662711
22.7749 17.8452 0.000701243
22.5826 17.7783 0.000662019
22.7444 17.5402 0.000662333
22.7508 17.6269 0.000663051
22.8109 17.6876 0.000665246
22.8651 17.9102 0.00066386
22.8854 17.8839 0.000672895
22.7394 17.7221 0.000682387
23.056 18.0064 0.000663298
22.7458 18.0124 0.000666075
22.8339 17.9307 0.000848336
22.6653 18.0809 0.000798614
22.9642 17.9765 0.000687913
23.0678 17.8505 0.00294646
23.0212 17.7593 0.00108085
22.8348 18.2774 0.000763375
22.8224 18.0476 0.000668189
22.8737 18.1353 0.000666018
22.7739 18.0639 0.000664312
23.0618 18.0691 0.00067935
22.8968 17.9997 0.000663746
23.1285 18.2402 0.000665347
23.0752 18.104 0.000660762
23.0668 18.6425 0.000664864
23.2025 18.544 0.000663186
23.2241 18.6907 0.000670165
23.1928 18.7828 0.00066379
23.1691 18.8504 0.000673676
23.3288 18.9178 0.000680749
23.2976 18.9608 0.000663458
23.5576 18.9015 0.000684123
23.5325 19.0364 0.000672749
23.4373 19.1695 0.000662511
23.3866 19.2571 0.000664375
23.2655 19.0015 0.000664916
23.6064 19.1354 0.000664624
23.418 19.261 0.000704016
23.4876 19.3675 0.00089929
23.6374 19.0984 0.000750708
23.6341 19.0366 0.000663338
23.6569 19.241 0.00066854
23.4957 19.3287 0.000662203
23.7011 19.2163 0.000696723
23.2977 19.4203 0.000687079
23.3794 19.4804 0.000664498
23.0342 19.6028 0.000660014
23.4937 19.7163 0.000667665
23.5105 19.7606 0.000663455
23.7201 19.5749 0.000692562
23.5406 19.7025 0.000667496
23.5995 19.731 0.000673068
23.6377 19.8106 0.000655869
23.5805 19.9743 0.000658833
23.5869 19.9815 0.000694728
23.7124 20.1102 0.000659064
23.7216 20.1873 0.000658494
23.8024 20.1067 0.000661522
23.8413 20.0281 0.000659757
23.7212 20.0917 0.00286639
24.0567 20.0389 0.00106922
24.0085 20.1921 0.000886446
23.8603 20.3235 0.000960313
23.6966 20.4125 0.000782636
23.8893 20.4742 0.000932483
23.9986 20.5093 0.000785664
23.9508 20.5973 0.00120736
23.8246 20.6581 0.00120274
23.9724 20.6028 0.000672199
23.6615 20.6546 0.000667709
23.8059 20.637 0.000665127
23.8028 20.7044 0.00070054
23.7009 20.8214 0.000660099
23.9816 20.9076 0.000664329
23.7276 20.8311 0.000660164
23.7483 20.6038 0.000664581
23.7207 21.1316 0.000662521
23.7944 21.1456 0.000680329
23.9773 21.1368 0.000669751
23.6105 21.1294 0.000658906
24.0906 21.2353 0.000657218
23.9696 21.2005 0.000659402
23.4467 21.3267 0.000660196
23.692 21.4623 0.000675194
23.9877 21.7093 0.000657457
23.6385 21.8525 0.000660603
23.8561 21.7752 0.00065852
23.8397 22.0352 0.000659841
23.7845 21.669 0.000657281
23.5958 21.7231 0.000662821
23.6244 21.8439 0.000659883
23.5915 21.8811 0.000658469
23.6026 21.9487 0.000661602
23.6718 21.7328 0.000915643
23.6424 22.0934 0.000800886
23.5065 22.1998 0.000660511
23.7676 22.2498 0.000661311
23.8309 22.0996 0.000659349
23.7953 22.4194 0.000660996
23.6673 22.2349 0.00066418
23.9178 22.6658 0.000709295
23.882 22.374 0.00286635
23.9624 22.7258 0.000936698
23.6889 22.5348 0.000747818
24.023 22.4735 0.000663619
23.7294 22.578 0.00066168
23.7259 22.4319 0.000663439
23.8134 22.2887 0.000660966
23.9138 22.2932 0.000677228
23.745 22.3883 0.000662475
23.7631 22.4872 0.000662559
23.7893 22.6681 0.000661975
23.8183 22.7514 0.000668287
23.8611 22.7448 0.000662384
23.8171 22.8458 0.00067155
23.9382 23.0633 0.000665612
23.6649 23.0248 0.00066457
23.6879 22.5534 0.000665892
23.9017 22.6752 0.000667394
23.5978 23.2782 0.000661492
23.875 23.1049 0.000941086
23.7679 23.4226 0.000760054
23.7333 23.3415 0.000664238
23.5641 23.2258 0.000663575
23.5702 23.4256 0.000661526
23.9677 23.8485 0.000710564
23.7258 23.4218 0.000680931
23.8452 23.6828 0.000662328
23.7804 23.5895 0.000680995
23.7081 23.6117 0.000657883
23.557 23.6132 0.000660185
23.9431 23.6694 0.000664381
23.7085 23.6616 0.000660612
23.4866 23.7896 0.00066077
23.605 23.9217 0.000662125
23.5905 23.6606 0.000660388
23.6424 24.0037 0.000664663
23.9223 24.0437 0.000675208
23.893 24.021 0.00065502
23.677 24.1499 0.000661357
23.4502 24.156 0.000769162
23.7433 24.4971 0.000683856
23.6136 24.3877 0.000689369
23.434 24.36 0.000658772
23.6984 24.3725 0.000656015
23.5828 24.4872 0.00066088
23.7249 24.5469 0.00293837
23.6341 24.702 0.0011401
23.5621 24.6163 0.00078216
23.7187 24.5746 0.0006918
23.5363 24.7442 0.000716265
23.5971 24.8057 0.000665233
23.61 24.7895 0.000664242
23.6313 25.0009 0.000661287
23.7071 25.0759 0.000664554
23.7655 25.0903 0.000661664
23.7789 25.1353 0.000684073
23.5104 24.9071 0.000662664
23.6271 25.06 0.000665426
23.7705 24.9682 0.000690333
23.3666 24.8862 0.000661247
23.3521 25.1904 0.000660263
23.4451 24.9537 0.000673651
23.2216 24.9733 0.000664511
23.1798 24.7909 0.000664013
23.277 25.0189 0.000660817
23.1868 25.0102 0.000662979
23.1306 24.8729 0.000666774
23.1451 25.0738 0.000667962
23.135 25.1187 0.000662682
22.9177 24.841 0.000685695
23.2207 25.2755 0.000662718
22.7763 24.8209 0.00066557
23.1811 25.2833 0.000706486
23.2839 25.2542 0.000664504
22.6392 24.9999 0.000663267
22.9286 25.4139 0.000663848
22.7502 25.0696 0.000666924
23.2164 25.5168 0.00092478
23.1569 25.5619 0.000770624
22.2445 25.2949 0.000652613
22.995 25.5718 0.000663904
22.3293 25.2031 0.000683866
22.8675 25.4391 0.000665007
22.3496 25.3216 0.000660406
22.2377 25.3112 0.000667817
22.7934 25.4988 0.000663475
22.1873 25.8253 0.000663644
22.0479 25.8383 0.000663546
22.2169 25.7093 0.000659992
22.0607 25.4637 0.000679235
21.9229 25.7239 0.00294253
22.0162 25.7164 0.00106503
21.8251 26.3565 0.000659467
21.8251 26.1321 0.000667071
21.839 25.7878 0.000667696
21.889 26.2743 0.000668973
21.8232 26.0527 0.00066774
21.587 26.084 0.000709657
21.6643 26.3654 0.000668568
21.7639 26.4206 0.000669673
21.6136 26.3628 0.000666253
21.7553 26.4505 0.000689009
21.3988 26.2742 0.000666679
21.5783 26.1576 0.000930086
21.5426 26.0058 0.000763785
21.346 25.9517 0.000726508
21.3313 26.0761 0.000697403
21.2613 26.4715 0.000661884
21.4787 26.3544 0.000691294
21.2608 26.3279 0.000663736
21.3377 26.3241 0.00066416
21.1305 26.1502 0.000662509
21.0964 26.4316 0.000663814
21.201 26.5748 0.000662897
21.2616 26.6365 0.000665644
21.1676 26.8729 0.000660134
21.1113 26.8061 0.000661084
20.8865 26.6734 0.000659763
21.2016 26.9068 0.000659824
21.1581 27.0311 0.000658538
21.0988 27.2633 0.000693663
21.1538 26.7913 0.000663228
21.0251 27.0318 0.000661453
21.0624 27.1495 0.000660727
20.7928 27.0556 0.0006617
20.9989 27.2863 0.000661338
20.6183 27.2422 0.000727307
20.7106 27.4456 0.000661416
20.9885 27.4137 0.000662944
20.9761 27.3853 0.000659888
20.7286 27.5407 0.0006646
20.6816 27.4222 0.00066497
20.6618 27.4957 0.000673985
20.928 27.4167 0.000664777
20.7355 27.4181 0.00307075
20.5424 27.616 0.000926926
20.6469 27.5706 0.000720209
20.5081 27.5806 0.000665846
20.4715 27.4321 0.000664733
20.392 27.4101 0.000674892
20.3825 27.8842 0.000683217
20.2648 27.625 0.000662022
20.3507 27.7424 0.000663501
20.4641 27.8486 0.000662997
20.3556 27.9668 0.000664578
19.9975 27.8524 0.000689642
20.3316 28.3326 0.00066033
20.2331 28.1103 0.000664563
20.41 28.7141 0.000664063
19.9437 28.0229 0.000667218
20.148 28.2106 0.000674509
19.8898 28.2691 0.000695028
20.4683 28.4318 0.000668346
20.4357 28.5684 0.000664308
19.8809 28.3957 0.000729003
19.8154 28.0813 0.000667492
19.8627 28.1379 0.000664262
19.6964 28.3644 0.000702744
19.6726 28.8262 0.000676052
19.3034 28.2592 0.000690204
19.3205 28.4168 0.000666528
19.5465 28.5441 0.000854116
19.2544 28.6491 0.000795999
19.4626 28.6866 0.000696681
19.5082 29.2436 0.00066564
19.6855 29.1338 0.000666068
19.6573 29.2472 0.000666821
19.5035 29.1586 0.000663764
19.2413 29.3795 0.000702676
19.1857 29.3378 0.000685546
19.3568 29.5572 0.00066386
18.99 29.2289 0.000667329
19.0839 29.5028 0.000665621
19.2067 29.3505 0.000665631
19.1372 29.5941 0.000711992
18.7496 29.3967 0.000664101
18.9155 29.7478 0.00066075
18.9818 29.7303 0.000658029
19.2288 29.9017 0.000661333
19.1201 29.8308 0.510984
19.2702 29.9958 0.00216404
18.843 29.8014 0.00149522
18.8393 29.8983 0.00104614
19.2677 30.0916 0.000704501
19.1995 30.136 0.0007599
19.2028 30.0531 0.000842353
19.1104 30.146 0.00106373
19.0163 30.1106 0.000761703
18.7601 29.9713 0.000681064
18.8687 30.0797 0.00091614
18.3884 30.2813 0.00075519
18.3664 30.3011 0.000697172
19.1765 30.4966 0.000668552
18.9886 30.7163 0.000665096
18.9692 30.467 0.000753691
18.9429 30.6081 0.000781612
18.8112 30.7347 0.000668869
18.5513 30.829 0.000664759
18.867 30.7959 0.000681327
18.5214 30.9698 0.000694411
18.8615 30.8856 0.000889419
18.8109 30.8718 0.000665368
18.5139 31.1767 0.000667779
18.5776 31.0365 0.000723681
18.2586 31.0411 0.000667089
18.4906 31.1414 0.000735252
18.452 31.2716 0.000664383
18.6129 31.5327 0.000766957
18.4591 31.2947 0.000663142
18.4554 31.4889 0.000686176
18.5811 31.2661 0.000662864
18.4458 31.2993 0.000698321
18.6106 31.4396 0.000663375
18.3815 31.5673 0.00068194
18.5349 31.4491 0.000769943
18.3592 31.8354 0.000664048
18.2061 31.4605 0.000712293
18.3539 31.9833 0.000803244
18.1824 31.5581 0.000724024
18.5262 31.131 0.000813558
18.3211 31.4942 0.000707398
18.3287 31.3882 0.000662587
18.7158 31.5306 0.00206731
18.0937 31.6643 0.00111625
18.3313 31.741 0.0010512
18.3654 31.5294 0.000943655
18.2985 31.4552 0.000994839
18.2514 31.8268 0.000939472
18.1567 31.6884 0.000944661
18.2675 31.5711 0.000928486
18.1246 31.4758 0.000972397
18.1661 31.5902 0.000933496
18.1265 31.7137 0.000966462
18.0388 31.7437 0.000970156
18.0614 31.8472 0.000894515
17.8222 31.7037 0.000891383
18.0362 31.8827 0.000887623
17.9146 31.7435 0.00105831
17.8876 31.9279 0.000861823
17.7739 31.7999 0.000854026
17.9558 32.1938 0.000941174
17.6952 32.1258 0.000790852
17.7079 31.9262 0.000684022
17.7108 31.846 0.000661054
17.8436 32.1671 0.000661069
17.4743 31.9359 0.000695389
17.8406 32.3604 0.000695214
17.7667 32.1759 0.000702618
17.8481 32.4454 0.000661153
17.7375 32.3102 0.000662788
17.8876 32.378 0.000660681
17.7585 32.6066 0.000659842
17.8821 32.5405 0.00066369
17.7912 32.829 0.000770725
17.2968 32.2451 0.000662909
17.7846 32.5952 0.000718174
17.8347 32.6145 0.000668606
17.6792 32.8004 0.000657728
17.0937 32.3293 0.000712439
17.6014 32.92 0.000743863
17.194 32.7629 0.000666288
17.3079 32.7696 0.00192752
17.5493 32.9225 0.00113892
17.6449 33.0981 0.000737325
17.4479 33.0823 0.000708511
17.4848 33.3362 0.000701523
17.3941 33.2476 0.000735071
17.5452 33.0148 0.000911656
17.25 33.0987 0.000759097
